2303,2326.229551547082
1707,1699.389698270424
2691,2656.170157327357
2091,2078.419718682282
2259,2236.360317898698
1711,1683.7909341680484
3327,3234.6004255060348
1827,1834.0703619481005
2146,2169.4121215886275
2924,2933.859328122028
1824,1820.0492906847644
2526,2515.866450364729
2503,2428.072679774254
2562,2560.5668696368434
2660,2680.4962367677563
2125,2079.3629047932673
3212,3196.776318074772
2310,2364.1939906688194
1965,1902.8480428554685
3448,3470.657497161437
2418,2463.8923952319315
2680,2717.4477562316365
2642,2635.544624711279
2402,2416.6239272601433
2037,2040.430096591464
2026,2023.0743863046732
2695,2712.516096246327
2379,2391.8809922864716
1816,1844.5950366076227
2482,2459.669308291412
1796,1795.3572218814547
2099,2111.7187370653
1747,1772.6029529173707
2239,2270.7047851670936
2950,2965.6145199738244
1850,1870.7223657499794
2571,2543.249902408241
1906,1886.5419313137845
2471,2473.807420917254
2028,2025.9434412894207
2496,2488.719130316112
2924,2889.5677332771243
1980,2005.938759494872
2144,2142.1850012740133
2472,2442.500522728751
2675,2677.2868315535793
1996,2037.4598042590223
2468,2468.7956866980735
1775,1832.223323270674
3104,3132.3492888242868
2207,2213.9773702917473
2248,2275.4750839702047
2939,2918.0088272388607
2458,2443.0566450329325
2428,2418.009269477712
2260,2270.6031498922193
2014,2046.444300208972
2405,2337.597454457847
2475,2431.1060621940733
1764,1766.851023801839
2491,2432.188701227094
1924,1911.5706181843407
1964,1971.3195548732147
2458,2426.111681628115
3299,3269.300911239799
3338,3277.188915640623
2881,2876.0886615393515
2853,2845.735741494294
2960,2946.411688954586
2422,2409.9629597853386
1934,1928.4331018609146
2159,2156.988446941434
2750,2757.9560612664914
2110,2090.339192108659
1893,1936.9414651432426
3337,3289.6153896744986
1642,1639.1735249551275
2484,2460.421317310862
2892,2847.3489490951893
2415,2446.87301148237
2570,2572.277673474078
1785,1759.1779712011544
2920,2889.3926648277406
2870,2853.5546971523277
1861,1864.6352757834616
3132,3107.7183589567826
2571,2579.124888605849
1714,1731.5306234532181
2840,2845.217402683225
2839,2760.5168562959893
1923,1880.2614983492913
2238,2266.7967973646264
2449,2424.215121473556
1682,1696.2682001309677
2504,2518.2610696199404
2713,2692.1471177674657
2435,2415.707251557059
2289,2294.809561743627
1855,1843.517703727869
3350,3312.2229061248004
2296,2318.749226877496
2409,2404.1611244534083
2231,2218.32587994118
2502,2493.48806546684
2485,2510.9643502093236
2742,2729.6766230706526
2920,2885.688948369962
1696,1702.3307955399482
2684,2701.758728163807
2356,2358.8944820343554
2272,2306.563802062944
2777,2810.146720633677
1735,1730.4347202076028
2737,2769.929423637111
3264,3276.585146305418
2415,2351.8720271971065
2027,2030.383824971197
2397,2437.716756283472
2528,2460.3026691967316
1955,1941.0528043801892
2698,2705.794062361822
2455,2414.308186592676
1781,1827.8466050171287
2140,2081.4003642669254
2845,2825.880172494422
2423,2450.5573222729117
2452,2497.61724830684
2085,2068.896809209573
2445,2472.7935714721916
3056,3071.272557567317
2468,2474.3883106329336
2337,2382.434472981196
2399,2400.8271648572677
2683,2656.9000577169304
2480,2475.1810834596035
2245,2200.2949271558305
2678,2653.3648862013206
2480,2499.163511865089
2899,2915.929703207074
2626,2629.2403237016956
2470,2482.4181281961955
2460,2436.2531027697837
2661,2668.643318689178
2033,2026.0814801990682
2457,2472.33888575008
1716,1707.6338753821447
2787,2718.3392419994384
2105,2106.35474204664
1885,1902.6471379669551
2515,2421.909062372619
1744,1821.4739748160264
2287,2259.283809726139
2678,2698.8943332676613
1755,1745.5845203311978
2125,2140.0877874879548
2406,2482.2483369426413
2301,2299.621458752275
2509,2501.3501172371466
2442,2441.3557994309563
1982,1996.4188904587354
2060,2065.0469604861114
2083,2018.0419496330423
2538,2537.446132282705
2758,2784.0370240556326
2784,2753.147992559256
2360,2342.802266993915
2034,2024.5834599820405
2443,2466.3762981745613
2082,2097.0458020459787
1751,1756.9988241038736
1924,1951.1441275427705
2381,2395.391688704107
2758,2768.5451852275805
1948,1906.6205728375967
3020,3107.921251105195
2275,2239.955774152397
1960,1878.326048153206
2540,2514.7387316272734
1997,2013.8877201853034
2011,2048.9703695380886
2838,2865.6034612328926
2818,2836.187492969439
2206,2190.2604802132305
2848,2814.6760207929424
1926,1883.7671968159643
2325,2357.088519513384
2807,2799.327617964495
2769,2773.971356607561
2487,2449.6589173676844
2239,2251.3522376897954
2681,2676.4687928028493
2377,2386.165994390598
1863,1858.6782703611134
1976,1989.4089690896085
2707,2634.53246078744
1856,1878.9705680631018
2497,2523.8509773150113
1923,1902.8259555473487
2381,2348.388925441207
2535,2527.692850166872
2593,2592.1898362241795
2978,2974.446345288586
1927,1950.3353306636932
1948,1903.9291624177536
2881,2892.5049336434863
2060,2069.7105401975896
2718,2727.825759328966
2786,2778.9059266187073
2032,2014.6468165004917
1814,1837.8437890603495
2370,2369.302740175887
2390,2360.4845056293466
2341,2345.3572477334023
2159,2177.6720189265284
2847,2847.422883458006
2706,2762.0645588830907
1764,1739.6289486762794
1562,1619.2873364092084
1762,1728.7865421048214
2958,2947.251887109224
1783,1764.1828213250974
1735,1735.7754599263617
2746,2706.471550706169
2576,2569.314954867721
2511,2468.7402429779954
1766,1784.0373020689217
2795,2763.285805707212
2710,2697.8338909639765
2306,2290.173350907062
2416,2415.013717452693
2456,2460.1455805109085
2615,2557.6464043825304
1994,1999.7637545392686
2933,2878.1446574778006
2658,2685.61195530668
2323,2336.8447992087526
1958,1981.7229482291873
2388,2411.8540662076953
1823,1835.2661116099325
2019,2054.0811537573168
2532,2553.9259726912514
2119,2166.12343768298
2530,2516.346206693605
2122,2138.5344130654144
2197,2233.393293430234
2790,2787.2317217180903
2283,2271.0825385981375
1908,1866.3829359243055
2858,2894.307299634084
1850,1871.3315439873286
2569,2551.938721315412
2377,2372.265906321227
2702,2738.817017428509
3277,3243.3507950269436
1751,1730.6839265171193
2336,2316.124333686269
1722,1781.8171646117726
1889,1921.8890983215515
2287,2306.8269865757125
1933,1942.9055028119142
2729,2654.7311682953255
2500,2519.0543614347775
2475,2511.4271519271233
2346,2387.9225445020297
2495,2455.797705182989
1914,1920.644603666587
2328,2276.0452296184617
2462,2460.5395797771926
2384,2312.009746942077
1802,1779.5562681741244
1724,1722.3008860861846
2253,2261.2544524471164
2492,2494.9928274182266
2736,2766.243219255695
1958,1968.6249805310058
2960,2898.887228931108
2924,2924.9173939750103
2662,2691.793485214089
2490,2505.901876253871
2547,2499.755434621261
2114,2092.0225375546606
2485,2439.410669599434
1899,1941.26684221004
2163,2131.426197114949
2618,2616.06690545984
1614,1649.244042494659
2347,2331.3867478771144
2313,2310.6045457820983
2449,2409.40165238056
2947,2993.2577594189
3331,3304.2977398544476
2027,2017.7154139609079
2400,2421.1452551844654
2420,2399.785533816217
1998,2018.555518898701
2380,2369.9422856529386
2029,2057.574531577026
2230,2279.9045030564434
2504,2492.942196273941
1701,1673.7125567270746
2381,2354.260718209619
2378,2420.1752363827404
1729,1723.468756918794
2928,2963.1889072559393
2833,2861.881162289768
2366,2375.836557555839
2475,2403.5603153293237
2330,2331.8112615377163
2774,2848.1083722264198
1924,1924.1206343874992
2633,2662.4726672161196
1906,1880.1708820831695
2670,2635.717831609628
2172,2190.076700438585
2469,2485.2286611428153
2058,2070.659386116145
2294,2273.608273665952
1888,1895.965979709456
2442,2464.5007247198364
2319,2262.44968192486
1947,1933.5319570572824
2013,2007.3591126350989
2629,2649.161300597118
1860,1823.183554022995
2202,2187.703651297582
2396,2407.779777130517
2799,2755.7831220229677
3249,3259.9975774353284
2508,2508.2342725625417
1795,1829.037949018004
3327,3295.3064905284896
2459,2448.7791574364087
2416,2407.1276276911462
1686,1676.2936077122872
1786,1735.684670579711
2404,2436.4411037507057
2120,2106.629425187356
2554,2528.2956944752373
1999,1999.1832631604188
2459,2464.817909018169
2940,2913.556937523788
1887,1884.906479874519
2318,2312.809834800317
1694,1673.1013770856734
2700,2714.077026240698
2430,2468.1595910663696
2007,2012.489266147565
2658,2671.235917926745
2926,2943.925187768609
2793,2772.991771655786
1991,2015.6482991399726
2513,2531.979085827587
2223,2264.705959250979
1897,1864.456182850383
2957,2945.2473187768514
2912,2945.783098599833
2088,2129.5981963921517
2481,2468.7314122882435
2053,2072.7734756324758
2236,2240.2762446692373
2317,2341.960508771825
1739,1747.939693257917
2772,2731.362412838027
2247,2249.6961684876424
2707,2766.185366009308
2040,2053.3636690827907
